PS C:\Users\Asa\Documents\CS\CS2401\Labs\Lab07> g++ -g lab7main.cc llist.cc
PS C:\Users\Asa\Documents\CS\CS2401\Labs\Lab07> ./a.exe
Front View:
42  268  325  270  665  35  601  279  659  363  605  106  146  182  28  162  492  470  196  43  628  537  192  403  154  293  483  622  517  119  296  548  27  72  339  

Rear View:   
339  72  27  548  296  119  517  622  483  293  154  403  192  537  628  43  196  470  492  162  28  182  146  106  605  363  659  279  601  35  665  270  325  268  
42  
Copied List Front View:
42  268  35  665  325  605  270  601  470  279  659  363  106  146  182  28  162  492  196  43  628  537  192  403  154  293  483  622  517  119  296  548  27  72  339  

Copied List Rear View:
339  72  27  548  296  119  517  622  483  293  154  403  192  537  628  43  196  492  162  28  182  146  106  363  659  279  470  601  270  605  325  665  35  268  
42  
Original List Front View:
42  268  325  270  665  35  601  279  659  363  605  106  146  182  28  162  492  470  196  43  628  537  192  403  154  293  483  622  517  119  296  548  27  72  339  

Original List Rear View:        
339  72  27  548  296  119  517  622  483  293  154  403  192  537  628  43  196  470  492  162  28  182  146  106  605  363  659  279  601  35  665  270  325  268  
42  
PS C:\Users\Asa\Documents\CS\CS2401\Labs\Lab07> 